0.9448933601379395
1.0810391902923584
0.7855658531188965
0.8057162761688232
1.9828109741210938
5.312546968460083
2.0877981185913086
3.0138165950775146
1.160654067993164
0.9204404354095459
1.7673060894012451
2.397291898727417
2.021507740020752
1.8902297019958496
1.7414500713348389
1.9556527137756348
1.8531734943389893
1.6168813705444336
3.49963641166687
3.525038719177246
2.1889007091522217
4.901218414306641
0.7873749732971191
1.3572328090667725
1.916416883468628
1.3852901458740234
4.976027965545654
1.7798502445220947
2.666826009750366
2.7064032554626465
4.830986261367798
2.918207883834839
6.106687068939209
5.428703546524048
1.2251226902008057
1.5060148239135742
3.184544324874878
2.2855770587921143
2.0526986122131348
5.136552572250366
1.0757207870483398
3.345667839050293
2.3309061527252197
2.213239908218384
2.2686285972595215
2.4898688793182373
5.052327394485474
2.013129472732544
5.055788516998291
1.8347485065460205
2.0853512287139893
2.5799903869628906
3.576761245727539
1.9802377223968506
1.863839864730835
5.224724292755127
0.9214348793029785
0.9232032299041748
3.9864962100982666
2.37111496925354
6.5918238162994385
2.1370699405670166
3.5309629440307617
2.4289944171905518
2.9613118171691895
4.918735027313232
1.5625190734863281
1.0669353008270264
4.838292121887207
2.3916127681732178
2.093991756439209
1.9131267070770264
2.1128227710723877
2.0890655517578125
2.657819986343384
3.6257946491241455
1.4664347171783447
0.988084077835083
1.065312147140503
1.595217227935791
2.312863826751709
2.7834317684173584
5.369222164154053
6.56374454498291